$ 1 0.000005 10.20027730826997 55 5 43
t 48 256 96 256 0 1 0.43647244514503747 0.6098332776959854 100
r -32 256 48 256 0 100000
t 176 160 208 160 0 -1 -0.6083039136777337 -0.6539072720071104 100
w 96 272 96 448 0
t 176 336 208 336 0 1 -4.678978101296997 0.24005790218278522 100
w 208 240 208 320 0
w 208 352 208 400 0
w 208 144 208 96 0
w 208 400 384 400 0
w 208 96 384 96 0
t 448 160 384 160 0 -1 4.679175000853901 -0.24005790548316153 100
w 384 96 384 144 0
w 384 240 384 320 0
t 416 336 384 336 0 1 0.6086042188977404 0.6540106743698377 100
w 384 352 384 400 0
w 384 96 512 96 0
t 560 256 512 256 0 1 -4.364088903074487 0.12043462981126979 100
w 512 272 512 480 0
w 384 400 512 400 0
r 560 256 592 256 0 100000
w -64 256 -32 256 0
w 512 96 560 96 0
w 208 240 208 176 0
w 384 240 384 176 0
w 96 240 96 160 0
r 208 240 272 240 0 500
162 272 208 336 208 2 default-led 1 0 0 0.01
162 336 288 272 288 2 default-led 1 0 0 0.01
w 272 288 272 240 0
w 272 208 272 240 0
w 336 208 336 240 0
w 336 240 336 288 0
w 336 240 384 240 0
w 320 32 688 32 0
w 688 32 688 256 0
w 688 256 592 256 0
w 320 -16 -64 -16 0
w -64 -16 -64 256 0
S 240 16 320 16 0 0 false 0 2
w 320 -16 320 0 0
t 720 0 752 0 1 1 0.6324878408214855 0.6678484790123261 100
w 752 -16 752 -48 0
w 752 -48 768 -48 0
w 832 -48 832 48 0
w 752 16 752 48 0
d 752 48 832 48 2 default
w 832 48 832 96 0
w 832 96 560 96 0
w 512 400 752 400 0
w 752 400 752 48 0
r 672 0 720 0 0 1000
v 768 -48 832 -48 0 0 40 5 0 0 0.5
w 208 96 240 16 0
v 608 0 672 0 0 2 500 5 0 0 1
w 608 0 608 -48 0
w 608 -48 752 -48 0
r 96 160 176 160 0 1000
w 96 448 464 448 0
w 464 336 464 448 0
r 448 160 512 160 0 1000
w 512 240 512 160 0
w 512 480 128 480 0
w 128 480 128 336 0
r 128 336 176 336 0 1000
r 416 336 464 336 0 1000
o 7 64 0 4099 10 0.0125 0 2 7 3
o 7 64 0 4099 10 0.0125 1 2 7 3
