$ 1 0.000005 10.20027730826997 55 5 43
t 48 256 96 256 0 1 -4.829094797020954 0.12054423905707151 100
r -32 256 48 256 0 1000
r 96 96 96 144 0 4500
r 96 160 176 160 0 1000
t 176 160 208 160 0 -1 4.91709159947596 -4.7897004584740444e-8 100
w 96 272 96 400 0
r 128 336 176 336 0 1000
t 176 336 208 336 0 1 0.6323043433357188 0.6648517798328313 100
w 208 240 208 320 0
w 208 352 208 400 0
w 208 144 208 96 0
w 208 400 384 400 0
w 208 96 384 96 0
t 448 160 384 160 0 -1 -0.632115676631301 -0.6647447407228784 100
w 384 96 384 144 0
w 384 240 384 320 0
t 416 336 384 336 0 1 -4.796465780721464 0.1205442390570356 100
w 384 352 384 400 0
r 416 336 464 336 0 1000
r 448 160 512 160 0 1000
r 512 96 512 160 0 4500
w 384 96 512 96 0
w 512 160 512 240 0
t 560 256 512 256 0 1 0.6323723470040131 0.663162999483977 100
w 512 272 512 400 0
w 384 400 512 400 0
r 560 256 592 256 0 1000
w 464 336 464 464 0
w 464 464 -64 464 0
w -64 464 -64 256 0
w -64 256 -32 256 0
w 128 336 128 528 0
w 128 528 592 528 0
w 592 528 592 256 0
d 48 160 48 96 2 default
d 560 160 560 96 2 default
w 512 160 560 160 0
w 48 160 96 160 0
w 512 96 560 96 0
w 208 96 96 96 0
w 48 96 96 96 0
w 208 240 208 176 0
w 384 240 384 176 0
w 208 400 96 400 0
w 96 240 96 160 0
w 96 144 96 160 0
r 208 240 272 240 0 500
162 272 208 336 208 2 default-led 1 0 0 0.01
162 336 288 272 288 2 default-led 1 0 0 0.01
w 272 288 272 240 0
w 272 208 272 240 0
w 336 208 336 240 0
w 336 240 336 288 0
w 336 240 384 240 0
w 320 32 688 32 0
w 688 32 688 256 0
w 688 256 592 256 0
w 320 -16 -64 -16 0
w -64 -16 -64 256 0
S 240 16 320 16 0 1 false 0 2
w 320 -16 320 0 0
t 720 0 752 0 1 1 0.6316467606316496 0.6820076767615729 100
w 752 -16 752 -48 0
w 752 -48 768 -48 0
w 832 -48 832 48 0
w 752 16 752 48 0
d 752 48 832 48 2 default
w 832 48 832 96 0
w 832 96 560 96 0
w 512 400 752 400 0
w 752 400 752 48 0
r 672 0 720 0 0 1000
v 768 -48 832 -48 0 0 40 5 0 0 0.5
w 208 96 240 16 0
v 608 0 672 0 0 2 500 5 0 0 0.5
w 608 0 608 -48 0
w 608 -48 752 -48 0
o 10 64 0 4099 10 0.00009765625 0 2 10 3
o 10 64 0 4099 10 0.00009765625 1 2 10 3
